[soe][Equalizer#0]
inputGain=-4.6
numBands=10

[soe][Equalizer#0#left]
band0Frequency=105
band0Gain=1.7000000476837158
band0Mode=6
band0Q=0.6666666865348816
band0Type=5
band10Type=0
band11Type=0
band12Type=0
band13Type=0
band14Type=0
band15Type=0
band16Type=0
band17Type=0
band18Type=0
band19Type=0
band1Frequency=4739
band1Gain=4.800000190734863
band1Mode=6
band1Q=1.2699999809265137
band20Type=0
band21Type=0
band22Type=0
band23Type=0
band24Type=0
band25Type=0
band26Type=0
band27Type=0
band28Type=0
band29Type=0
band2Frequency=88
band2Gain=-1.899999976158142
band2Mode=6
band2Q=0.25999999046325684
band30Type=0
band31Type=0
band3Frequency=6935
band3Gain=-3.799999952316284
band3Mode=6
band3Q=4.179999828338623
band4Frequency=827
band4Gain=0.8999999761581421
band4Mode=6
band4Q=2.569999933242798
band5Frequency=10000
band5Gain=3.0999999046325684
band5Mode=6
band5Q=0.6666666865348816
band5Type=3
band6Frequency=1484
band6Gain=-1
band6Mode=6
band6Q=2.640000104904175
band7Frequency=7930
band7Gain=-1.2999999523162842
band7Mode=6
band7Q=5.820000171661377
band8Frequency=1026
band8Gain=0.5
band8Mode=6
band8Q=4.03000020980835
band9Frequency=41
band9Gain=-0.20000000298023224
band9Mode=6
band9Q=1.940000057220459

[soe][Equalizer#0#right]
band0Frequency=105
band0Gain=1.7000000476837158
band0Mode=6
band0Q=0.6666666865348816
band0Type=5
band10Type=0
band11Type=0
band12Type=0
band13Type=0
band14Type=0
band15Type=0
band16Type=0
band17Type=0
band18Type=0
band19Type=0
band1Frequency=4739
band1Gain=4.800000190734863
band1Mode=6
band1Q=1.2699999809265137
band20Type=0
band21Type=0
band22Type=0
band23Type=0
band24Type=0
band25Type=0
band26Type=0
band27Type=0
band28Type=0
band29Type=0
band2Frequency=88
band2Gain=-1.899999976158142
band2Mode=6
band2Q=0.25999999046325684
band30Type=0
band31Type=0
band3Frequency=6935
band3Gain=-3.799999952316284
band3Mode=6
band3Q=4.179999828338623
band4Frequency=827
band4Gain=0.8999999761581421
band4Mode=6
band4Q=2.569999933242798
band5Frequency=10000
band5Gain=3.0999999046325684
band5Mode=6
band5Q=0.6666666865348816
band5Type=3
band6Frequency=1484
band6Gain=-1
band6Mode=6
band6Q=2.640000104904175
band7Frequency=7930
band7Gain=-1.2999999523162842
band7Mode=6
band7Q=5.820000171661377
band8Frequency=1026
band8Gain=0.5
band8Mode=6
band8Q=4.03000020980835
band9Frequency=41
band9Gain=-0.20000000298023224
band9Mode=6
band9Q=1.940000057220459
