[soe][Equalizer#0]
inputGain=-4.7
numBands=10

[soe][Equalizer#0#left]
band0Frequency=105
band0Gain=-0.6000000238418579
band0Mode=6
band0Q=0.6666666865348816
band0Type=5
band10Type=0
band11Type=0
band12Type=0
band13Type=0
band14Type=0
band15Type=0
band16Type=0
band17Type=0
band18Type=0
band19Type=0
band1Frequency=4419
band1Gain=4.599999904632568
band1Mode=6
band1Q=1.6699999570846558
band20Type=0
band21Type=0
band22Type=0
band23Type=0
band24Type=0
band25Type=0
band26Type=0
band27Type=0
band28Type=0
band29Type=0
band2Frequency=157
band2Gain=-1.2999999523162842
band2Mode=6
band2Q=0.3199999928474426
band30Type=0
band31Type=0
band3Frequency=939
band3Gain=1.7000000476837158
band3Mode=6
band3Q=2.1600000858306885
band4Frequency=1488
band4Gain=-1.2999999523162842
band4Mode=6
band4Q=2.450000047683716
band5Frequency=10000
band5Gain=0.699999988079071
band5Mode=6
band5Q=0.6666666865348816
band5Type=3
band6Frequency=6919
band6Gain=-1.7000000476837158
band6Mode=6
band6Q=5.190000057220459
band7Frequency=5500
band7Gain=0.8999999761581421
band7Mode=6
band7Q=6
band8Frequency=39
band8Gain=-0.30000001192092896
band8Mode=6
band8Q=2.0199999809265137
band9Frequency=65
band9Gain=0.30000001192092896
band9Mode=6
band9Q=2.3399999141693115

[soe][Equalizer#0#right]
band0Frequency=105
band0Gain=-0.6000000238418579
band0Mode=6
band0Q=0.6666666865348816
band0Type=5
band10Type=0
band11Type=0
band12Type=0
band13Type=0
band14Type=0
band15Type=0
band16Type=0
band17Type=0
band18Type=0
band19Type=0
band1Frequency=4419
band1Gain=4.599999904632568
band1Mode=6
band1Q=1.6699999570846558
band20Type=0
band21Type=0
band22Type=0
band23Type=0
band24Type=0
band25Type=0
band26Type=0
band27Type=0
band28Type=0
band29Type=0
band2Frequency=157
band2Gain=-1.2999999523162842
band2Mode=6
band2Q=0.3199999928474426
band30Type=0
band31Type=0
band3Frequency=939
band3Gain=1.7000000476837158
band3Mode=6
band3Q=2.1600000858306885
band4Frequency=1488
band4Gain=-1.2999999523162842
band4Mode=6
band4Q=2.450000047683716
band5Frequency=10000
band5Gain=0.699999988079071
band5Mode=6
band5Q=0.6666666865348816
band5Type=3
band6Frequency=6919
band6Gain=-1.7000000476837158
band6Mode=6
band6Q=5.190000057220459
band7Frequency=5500
band7Gain=0.8999999761581421
band7Mode=6
band7Q=6
band8Frequency=39
band8Gain=-0.30000001192092896
band8Mode=6
band8Q=2.0199999809265137
band9Frequency=65
band9Gain=0.30000001192092896
band9Mode=6
band9Q=2.3399999141693115
